1 0 0 0
0 1 0 0
0 0 1 0
0 0 0 1
#
  0.997888  0.0190833  0.0620847   -3.02272
-0.0177795   0.999611 -0.0214843    2.19455
-0.0624705  0.0203351   0.997839    3.62412
         0          0          0          1
#
  0.996677  0.0224881  0.0782906   -3.94862
-0.0204745   0.999441 -0.0264272    2.67814
-0.0788411  0.0247365    0.99658    4.63762
         0          0          0          1
#
  0.996108  0.0218497  0.0853887   -4.48813
-0.0195041   0.999412 -0.0282081    2.78711
-0.0859548  0.0264329   0.995948    5.11335
         0          0          0          1
#
  0.995846  0.0203169  0.0887629   -4.79705
-0.0178305   0.999429  -0.028716    2.76747
-0.0892956  0.0270141   0.995638    5.35931
         0          0          0          1
#
  0.995721  0.0192267  0.0903965   -4.95815
-0.0166924   0.999449 -0.0287101    2.73449
-0.0908987  0.0270783   0.995492    5.49337
         0          0          0          1
#
   0.99566  0.0184876  0.0912156   -5.03955
-0.0159463   0.999466 -0.0285131    2.70294
-0.0916941  0.0269349   0.995422    5.57388
         0          0          0          1
#
   0.99563  0.0179763  0.0916449    -5.0799
-0.0154454   0.999482 -0.0282522    2.67667
-0.0921052  0.0267133   0.995391    5.62875
         0          0          0          1
#
  0.995617  0.0175979  0.0918635   -5.09821
-0.0150846   0.999495 -0.0279834    2.65544
-0.0923095  0.0264752   0.995378    5.67081
         0          0          0          1
#
  0.995613  0.0172757  0.0919689   -5.10524
-0.0147819   0.999507 -0.0277301    2.63725
-0.0924025  0.0262491   0.995375    5.70648
         0          0          0          1
#
  0.995614  0.0169897  0.0920193   -5.10681
-0.0145142   0.999517 -0.0275079    2.62235
-0.0924422  0.0260518   0.995377    5.73885
         0          0          0          1
#
  0.995617  0.0167192  0.0920377   -5.10527
-0.0142598   0.999526 -0.0273173    2.60945
-0.0924507  0.0258852   0.995381    5.76928
         0          0          0          1
#
  0.995622  0.0164585  0.0920328   -5.10211
-0.0140127   0.999534 -0.0271625    2.59905
-0.0924369   0.025754   0.995385    5.79914
         0          0          0          1
#
  0.995628  0.0162047  0.0920125   -5.09781
-0.0137699   0.999541 -0.0270395    2.59076
-0.0924083  0.0256544    0.99539     5.8279
         0          0          0          1
#
  0.995635  0.0159532  0.0919821     -5.093
 -0.013527   0.999546 -0.0269442    2.58398
-0.0923701  0.0255824   0.995396    5.85638
         0          0          0          1
#
  0.995643  0.0157009  0.0919453   -5.08794
-0.0132814   0.999552 -0.0268729    2.57865
-0.0923259  0.0255347   0.995401    5.88459
         0          0          0          1
#
  0.995651   0.015455  0.0919002   -5.08214
  -0.01304   0.999556 -0.0268265    2.57479
-0.0922739  0.0255116   0.995407    5.91213
         0          0          0          1
#
  0.995659  0.0152161  0.0918516   -5.07633
-0.0128039    0.99956 -0.0268002    2.57249
-0.0922189   0.025508   0.995412    5.93926
         0          0          0          1
#
  0.995667  0.0149863  0.0918043   -5.07051
-0.0125755   0.999563 -0.0267896    2.57124
-0.0921655  0.0255191   0.995417    5.96573
         0          0          0          1
#
  0.995676  0.0147554   0.091748   -5.06444
 -0.012345   0.999566 -0.0267912    2.57097
-0.0921034  0.0255429   0.995422      5.991
         0          0          0          1
#
  0.995686  0.0145255  0.0916777   -5.05745
-0.0121138   0.999568 -0.0268156    2.57217
-0.0920275  0.0255895   0.995428    6.01542
         0          0          0          1
#
  0.995695  0.0143037  0.0916137   -5.05087
-0.0118886    0.99957 -0.0268609    2.57496
-0.0919584  0.0256563   0.995433    6.03957
         0          0          0          1
#
  0.995704  0.0140748  0.0915519   -5.04456
-0.0116551   0.999571 -0.0269195    2.57799
-0.0918914   0.025737   0.995437    6.06337
         0          0          0          1
#
  0.995714  0.0138514  0.0914822   -5.03799
-0.0114269   0.999572 -0.0269833    2.58153
-0.0918167  0.0258224   0.995441    6.08577
         0          0          0          1
#
  0.995723  0.0136361  0.0914108   -5.03117
-0.0112058   0.999573 -0.0270564    2.58593
-0.0917405  0.0259165   0.995446     6.1074
         0          0          0          1
#
  0.995733  0.0134213  0.0913402   -5.02434
-0.0109849   0.999573 -0.0271339    2.59051
-0.0916652  0.0260148   0.995451    6.12867
         0          0          0          1
#
  0.995742  0.0132059  0.0912701   -5.01785
-0.0107631   0.999573 -0.0272133    2.59526
-0.0915904  0.0261152   0.995455    6.14949
         0          0          0          1
#
  0.995751  0.0129913  0.0912043   -5.01174
-0.0105411   0.999573 -0.0273025    2.60052
  -0.09152  0.0262252   0.995459    6.16961
         0          0          0          1
#
   0.99576  0.0127769  0.0911345   -5.00571
-0.0103187   0.999573 -0.0274028    2.60628
-0.0914456  0.0263463   0.995462    6.18875
         0          0          0          1
#
  0.995769  0.0125661   0.091062   -4.99945
-0.0100997   0.999572 -0.0275026    2.61211
-0.0913686  0.0264667   0.995466    6.20708
         0          0          0          1
#
   0.995779   0.0123623   0.0909875    -4.99287
-0.00988765    0.999571  -0.0276056     2.61828
 -0.0912897   0.0265895     0.99547     6.22489
          0           0           0           1
#
   0.995788   0.0121603   0.0909151     -4.9866
-0.00967656     0.99957  -0.0277171       2.625
 -0.0912131   0.0267207    0.995474     6.24241
          0           0           0           1
#
   0.995797   0.0119594   0.0908449    -4.98052
-0.00946662    0.999569   -0.027831     2.63196
 -0.0911385   0.0268542    0.995477      6.2595
          0           0           0           1
#
   0.995806   0.0117541   0.0907745    -4.97456
-0.00925186    0.999568  -0.0279475     2.63889
 -0.0910637   0.0269906     0.99548     6.27626
          0           0           0           1
#
   0.995815   0.0115552   0.0907072    -4.96885
-0.00904358    0.999567  -0.0280611     2.64571
 -0.0909921   0.0271234    0.995483      6.2927
          0           0           0           1
#
   0.995823     0.01136   0.0906433    -4.96353
-0.00883833    0.999566  -0.0281825     2.65332
  -0.090924   0.0272638    0.995485     6.30899
          0           0           0           1
#
  0.995831  0.0111605  0.0905775   -4.95802
-0.0086291   0.999564 -0.0283001     2.6606
-0.0908538  0.0274007   0.995488    6.32476
         0          0          0          1
#
   0.995839   0.0109648   0.0905124    -4.95248
-0.00842413    0.999562   -0.028416     2.66808
 -0.0907843   0.0275354    0.995491      6.3401
          0           0           0           1
#
   0.995848     0.01077   0.0904456     -4.9468
-0.00822027    0.999561  -0.0285283     2.67518
 -0.0907131   0.0276665    0.995494     6.35476
          0           0           0           1
#
   0.995856   0.0105756   0.0903805    -4.94134
-0.00801649    0.999559  -0.0286462     2.68248
 -0.0906436    0.027803    0.995496     6.36937
          0           0           0           1
#
   0.995863   0.0103842   0.0903209    -4.93626
-0.00781547    0.999557   -0.028764     2.68989
 -0.0905796   0.0279393    0.995498     6.38395
          0           0           0           1
#
   0.995871   0.0101887   0.0902589    -4.93112
-0.00760972    0.999555  -0.0288886     2.69768
  -0.090513   0.0280826      0.9955     6.39852
          0           0           0           1
#
  0.995879 0.00998641   0.090199   -4.92629
 -0.007397   0.999553 -0.0290153    2.70514
-0.0904483  0.0282287   0.995502    6.41296
         0          0          0          1
#
   0.995887  0.00979835   0.0901359    -4.92107
-0.00719844    0.999551  -0.0291439     2.71332
 -0.0903809   0.0283753    0.995504     6.42711
          0           0           0           1
#
   0.995895  0.00961655   0.0900733    -4.91596
-0.00700624    0.999549  -0.0292711     2.72137
 -0.0903141     0.02852    0.995506     6.44097
          0           0           0           1
#
   0.995902  0.00943173   0.0900096    -4.91091
-0.00681075    0.999546  -0.0294004     2.72923
  -0.090246    0.028667    0.995508      6.4544
          0           0           0           1
#
    0.99591  0.00925407   0.0899423    -4.90538
-0.00662209    0.999544  -0.0295347     2.73771
 -0.0901744   0.0288184    0.995511     6.46736
          0           0           0           1
#
   0.995918  0.00907838   0.0898765    -4.89998
-0.00643553    0.999541  -0.0296681     2.74627
 -0.0901044   0.0289686    0.995512     6.48023
          0           0           0           1
#
  0.995925 0.00890255  0.0898156   -4.89497
-0.0062488   0.999539 -0.0298005    2.75453
-0.0900393  0.0291178   0.995514    6.49331
         0          0          0          1
#
   0.995932  0.00872597   0.0897549    -4.89013
-0.00606138    0.999536  -0.0299326     2.76277
 -0.0899743   0.0292668    0.995516     6.50608
          0           0           0           1
#
   0.995939  0.00854734   0.0896965    -4.88551
-0.00587161    0.999533  -0.0300666     2.77115
 -0.0899114   0.0294178    0.995517     6.51872
          0           0           0           1
#
   0.995946  0.00837592   0.0896334    -4.88042
-0.00568909     0.99953  -0.0302024     2.77994
 -0.0898441   0.0295701    0.995519     6.53093
          0           0           0           1
#
   0.995953  0.00820731    0.089571    -4.87543
-0.00550971    0.999527  -0.0303373     2.78857
 -0.0897775    0.029721     0.99552     6.54314
          0           0           0           1
#
    0.99596  0.00804077   0.0895086    -4.87053
-0.00533202    0.999524  -0.0304745     2.79741
 -0.0897108   0.0298741    0.995522      6.5549
          0           0           0           1
#
  0.995967  0.0078747   0.089444   -4.86553
-0.0051546   0.999521  -0.030614    2.80641
-0.0896421  0.0300295   0.995524    6.56621
         0          0          0          1
#
   0.995975  0.00771062   0.0893793    -4.86031
-0.00497979    0.999518  -0.0307477     2.81521
 -0.0895731   0.0301789    0.995525     6.57699
          0           0           0           1
#
   0.995981  0.00754366   0.0893198    -4.85543
-0.00480238    0.999515  -0.0308768      2.8238
 -0.0895091   0.0303237    0.995527     6.58787
          0           0           0           1
#
   0.995988   0.0073758   0.0892609    -4.85071
-0.00462441    0.999512  -0.0310048     2.83216
 -0.0894458   0.0304677    0.995528     6.59838
          0           0           0           1
#
   0.995995  0.00721316   0.0892038      -4.846
-0.00445184    0.999509  -0.0311299     2.84047
 -0.0893843   0.0306081    0.995529     6.60857
          0           0           0           1
#
   0.996001  0.00705312    0.089148    -4.84143
-0.00428233    0.999506  -0.0312495     2.84824
 -0.0893242   0.0307428     0.99553      6.6185
          0           0           0           1
#
  0.996007 0.00689436  0.0890934   -4.83707
-0.0041144   0.999503  -0.031364    2.85571
-0.0892651  0.0308722   0.995532    6.62828
         0          0          0          1
#
   0.996013  0.00673741   0.0890442    -4.83304
-0.00394855      0.9995  -0.0314755     2.86316
 -0.0892116   0.0309984    0.995533     6.63805
          0           0           0           1
#
   0.996018  0.00657802   0.0889969    -4.82914
-0.00378034    0.999498  -0.0315842     2.87029
 -0.0891597    0.031122    0.995533     6.64748
          0           0           0           1
#
   0.996023   0.0064171   0.0889473    -4.82527
-0.00361067    0.999495  -0.0316917     2.87722
 -0.0891055   0.0312445    0.995534     6.65649
          0           0           0           1
#
   0.996029  0.00625593   0.0889012    -4.82163
-0.00344104    0.999492  -0.0317967     2.88387
 -0.0890548   0.0313645    0.995535     6.66548
          0           0           0           1
#
   0.996034  0.00609859   0.0888561    -4.81802
-0.00327552     0.99949  -0.0319007     2.89083
 -0.0890051   0.0314831    0.995536     6.67439
          0           0           0           1
#
   0.996039  0.00594163   0.0888077    -4.81403
-0.00311038    0.999487  -0.0320049      2.8979
 -0.0889521   0.0316019    0.995537     6.68298
          0           0           0           1
#
   0.996045  0.00579083   0.0887583    -4.80992
-0.00295145    0.999484  -0.0321088     2.90514
 -0.0888983   0.0317199    0.995538     6.69124
          0           0           0           1
#
    0.99605  0.00563496   0.0887139    -4.80626
-0.00278774    0.999481  -0.0322076     2.91186
 -0.0888492   0.0318331    0.995539      6.6995
          0           0           0           1
#
  0.996054 0.00547526   0.088676    -4.8032
-0.0026205   0.999478 -0.0323015     2.9182
-0.0888065  0.0319417    0.99554    6.70795
         0          0          0          1
#
   0.996059  0.00531511   0.0886359        -4.8
-0.00245234    0.999476  -0.0323992     2.92473
 -0.0887615   0.0320542     0.99554     6.71601
          0           0           0           1
#
   0.996063  0.00515385   0.0885959     -4.7969
-0.00228311    0.999473  -0.0324989     2.93129
 -0.0887166   0.0321687    0.995541     6.72408
          0           0           0           1
#
   0.996068  0.00499728   0.0885536    -4.79357
-0.00211844     0.99947  -0.0325986     2.93804
 -0.0886694   0.0322828    0.995541     6.73183
          0           0           0           1
#
   0.996073  0.00484072   0.0885117    -4.79034
-0.00195359    0.999467  -0.0327013     2.94482
 -0.0886227   0.0323999    0.995542     6.73946
          0           0           0           1
#
   0.996077   0.0046887   0.0884683    -4.78695
-0.00179294    0.999464  -0.0328076     2.95188
 -0.0885746   0.0325202    0.995542     6.74719
          0           0           0           1
#
   0.996082   0.0045329   0.0884256    -4.78362
-0.00162844    0.999461  -0.0329161     2.95908
  -0.088527   0.0326431    0.995542      6.7548
          0           0           0           1
#
   0.996086  0.00438066   0.0883831    -4.78023
-0.00146768    0.999457  -0.0330221     2.96607
 -0.0884797   0.0327631    0.995543       6.762
          0           0           0           1
#
   0.996091  0.00423418   0.0883411    -4.77693
-0.00131274    0.999454   -0.033127     2.97301
 -0.0884331   0.0328815    0.995543     6.76924
          0           0           0           1
#
  0.996095 0.00409089  0.0883038   -4.77397
-0.0011613   0.999451 -0.0332295    2.97982
-0.0883912  0.0329972   0.995543     6.7768
         0          0          0          1
#
   0.996099  0.00394926   0.0882635    -4.77082
-0.00101143    0.999448  -0.0333314     2.98661
 -0.0883464    0.033112    0.995544     6.78402
          0           0           0           1
#
    0.996103   0.00381344    0.0882215      -4.7675
-0.000867266     0.999444    -0.033436      2.99375
     -0.0883    0.0332291     0.995544      6.79095
           0            0            0            1
#
    0.996107   0.00367704    0.0881831     -4.76445
-0.000722508     0.999441   -0.0335397      3.00068
  -0.0882572    0.0333453     0.995544      6.79788
           0            0            0            1
#
    0.996112   0.00354038    0.0881456     -4.76151
-0.000577873     0.999438    -0.033641      3.00752
  -0.0882151    0.0334592     0.995544      6.80474
           0            0            0            1
#
    0.996115   0.00340293    0.0881081     -4.75859
-0.000432359     0.999434   -0.0337431      3.01418
  -0.0881731    0.0335739     0.995544       6.8117
           0            0            0            1
#
    0.996119   0.00326395    0.0880718     -4.75589
-0.000285159     0.999431   -0.0338455      3.02092
  -0.0881322    0.0336889     0.995544      6.81856
           0            0            0            1
#
    0.996124   0.00312727    0.0880325     -4.75285
-0.000140384     0.999428   -0.0339475      3.02773
  -0.0880883    0.0338035     0.995544      6.82516
           0            0            0            1
#
   0.996127  0.00298659   0.0879943    -4.75004
8.32698e-06    0.999424  -0.0340481     3.03417
 -0.0880453   0.0339169    0.995544     6.83188
          0           0           0           1
#
   0.996131  0.00285099    0.087959    -4.74722
0.000151654    0.999421  -0.0341447     3.04063
 -0.0880055   0.0340258    0.995544     6.83858
          0           0           0           1
#
  0.996135 0.00271543  0.0879242   -4.74456
0.00029479   0.999418 -0.0342388     3.0469
 -0.087966  0.0341323   0.995544    6.84511
         0          0          0          1
#
   0.996139  0.00258331   0.0878879    -4.74174
0.000434137    0.999415  -0.0343304     3.05313
 -0.0879251   0.0342359    0.995544     6.85131
          0           0           0           1
#
   0.996142   0.0024495   0.0878555    -4.73915
0.000574205    0.999412  -0.0344109     3.05863
 -0.0878882   0.0343285    0.995544     6.85747
          0           0           0           1
#
   0.996145  0.00231854   0.0878213    -4.73638
0.000711413     0.99941  -0.0344903     3.06418
 -0.0878494   0.0344197    0.995544     6.86352
          0           0           0           1
#
   0.996149  0.00218577   0.0877909    -4.73391
0.000850152    0.999407   -0.034566     3.06937
 -0.0878143   0.0345074    0.995544     6.86951
          0           0           0           1
#
   0.996151  0.00205108   0.0877628    -4.73155
0.000990732    0.999404  -0.0346395     3.07441
 -0.0877815    0.034593    0.995544     6.87533
          0           0           0           1
#
  0.996155 0.00192004  0.0877316   -4.72895
 0.0011275   0.999402 -0.0347116    3.07961
-0.0877457  0.0346769   0.995544    6.88082
         0          0          0          1
#
  0.996158 0.00178817  0.0877024   -4.72655
0.00126556   0.999399 -0.0347882    3.08509
-0.0877119  0.0347654   0.995544    6.88639
         0          0          0          1
#
   0.99616 0.00165198  0.0876724   -4.72409
0.00140802   0.999396 -0.0348658    3.09038
 -0.087677  0.0348552   0.995544    6.89174
         0          0          0          1
#
  0.996163 0.00152089  0.0876427   -4.72158
0.00154531   0.999393 -0.0349429    3.09588
-0.0876427  0.0349441   0.995544     6.8971
         0          0          0          1
#
  0.996166 0.00138697  0.0876148   -4.71923
0.00168517   0.999391 -0.0350169    3.10103
  -0.08761  0.0350302   0.995544    6.90246
         0          0          0          1
#
  0.996168 0.00125506  0.0875882   -4.71699
0.00182309   0.999388 -0.0350896    3.10618
-0.0875787  0.0351147   0.995544     6.9077
         0          0          0          1
#
   0.99617   0.001124  0.0875629   -4.71484
0.00196007   0.999385 -0.0351612    3.11131
-0.0875486   0.035198   0.995543    6.91291
         0          0          0          1
#
   0.996173 0.000991804   0.0875394    -4.71291
 0.00209764    0.999383  -0.0352284     3.11591
 -0.0875202    0.035277    0.995543       6.918
          0           0           0           1
#
   0.996175 0.000866746   0.0875136    -4.71077
 0.00222781     0.99938   -0.035293     3.12063
 -0.0874899   0.0353528    0.995543     6.92287
          0           0           0           1
#
   0.996177 0.000741533   0.0874911    -4.70903
 0.00235778    0.999378   -0.035352     3.12498
 -0.0874629   0.0354231    0.995543     6.92774
          0           0           0           1
#
    0.99618 0.000613568   0.0874685    -4.70737
 0.00249017    0.999376  -0.0354068     3.12871
 -0.0874356   0.0354892    0.995543     6.93224
          0           0           0           1
#
   0.996182 0.000491085   0.0874465    -4.70562
 0.00261729    0.999374  -0.0354651     3.13287
 -0.0874091   0.0355585    0.995543     6.93684
          0           0           0           1
#
   0.996184 0.000370011   0.0874232    -4.70376
 0.00274343    0.999371  -0.0355289     3.13739
 -0.0873813    0.035633    0.995543     6.94115
          0           0           0           1
#
   0.996186 0.000247516   0.0874002     -4.7019
 0.00287087    0.999369  -0.0355889     3.14161
 -0.0873538   0.0357039    0.995543     6.94526
          0           0           0           1
#
   0.996188 0.000121935   0.0873785    -4.70015
 0.00300115    0.999367  -0.0356463     3.14564
 -0.0873274   0.0357726    0.995543     6.94927
          0           0           0           1
#
     0.99619 -3.02305e-06    0.0873567     -4.69834
  0.00313054     0.999364   -0.0357026      3.14969
   -0.087301    0.0358399     0.995543      6.95321
           0            0            0            1
#
    0.996192 -0.000122863    0.0873364     -4.69661
  0.00325484     0.999362   -0.0357578      3.15386
  -0.0872762    0.0359057     0.995543      6.95704
           0            0            0            1
#
    0.996194 -0.000246766    0.0873143     -4.69491
  0.00338344     0.999359    -0.035818      3.15804
  -0.0872494     0.035977     0.995543      6.96086
           0            0            0            1
#
    0.996196 -0.000372142    0.0872918     -4.69321
  0.00351326     0.999357   -0.0358732      3.16193
  -0.0872223    0.0360433     0.995543      6.96438
           0            0            0            1
#
    0.996198 -0.000495371    0.0872694     -4.69146
  0.00364089     0.999354   -0.0359282      3.16587
  -0.0871953    0.0361092     0.995543      6.96783
           0            0            0            1
#
    0.996199 -0.000619091      0.08725     -4.68988
   0.0037687     0.999352   -0.0359791      3.16953
  -0.0871712     0.036171     0.995543      6.97128
           0            0            0            1
#
    0.996201 -0.000743816    0.0872317     -4.68849
  0.00389724      0.99935   -0.0360265      3.17274
  -0.0871482    0.0362295     0.995543      6.97464
           0            0            0            1
#
    0.996203 -0.000865561    0.0872134     -4.68713
  0.00402278     0.999348   -0.0360737      3.17589
  -0.0871253    0.0362874     0.995543      6.97797
           0            0            0            1
#
   0.996204 -0.00098269   0.0871982    -4.68591
 0.00414342    0.999346   -0.036117     3.17895
 -0.0871056    0.036341    0.995542     6.98124
          0           0           0           1
#
  0.996205 -0.0010984   0.087186   -4.68483
0.00426266   0.999344 -0.0361597    3.18198
 -0.087089   0.036394   0.995542    6.98452
         0          0          0          1
#
   0.996206 -0.00121567   0.0871742    -4.68386
 0.00438321    0.999342  -0.0362008     3.18478
 -0.0870728   0.0364455    0.995542     6.98777
          0           0           0           1
#
  0.996207 -0.0013268  0.0871609   -4.68273
0.00449779    0.99934 -0.0362437    3.18801
-0.0870553  0.0364981   0.995541    6.99081
         0          0          0          1
#
  0.996209 -0.0014379  0.0871468   -4.68164
0.00461209   0.999337 -0.0362833    3.19094
-0.0870369  0.0365474   0.995541    6.99377
         0          0          0          1
#
    0.99621 -0.00154935   0.0871328    -4.68045
 0.00472675    0.999336  -0.0363225     3.19392
 -0.0870186   0.0365964    0.995541     6.99667
          0           0           0           1
#
   0.996211 -0.00165875    0.087118    -4.67919
 0.00483961    0.999334  -0.0363644     3.19716
 -0.0869996    0.036648    0.995541     6.99968
          0           0           0           1
#
  0.996212 -0.0017685  0.0871032   -4.67801
0.00495248   0.999331 -0.0364054    3.20027
-0.0869806  0.0366987   0.995541    7.00261
         0          0          0          1
#
   0.996213 -0.00187733   0.0870894    -4.67692
 0.00506419     0.99933  -0.0364414     3.20319
 -0.0869626   0.0367443     0.99554     7.00539
          0           0           0           1
#
   0.996214 -0.00198985   0.0870788    -4.67605
 0.00517975    0.999327  -0.0364783     3.20593
 -0.0869477   0.0367911     0.99554     7.00833
          0           0           0           1
#
   0.996215 -0.00210135    0.087066    -4.67496
 0.00529402    0.999325  -0.0365139     3.20875
 -0.0869306   0.0368364     0.99554     7.01122
          0           0           0           1
#
   0.996216 -0.00221396   0.0870556    -4.67406
 0.00540951    0.999323  -0.0365486     3.21154
 -0.0869159    0.036881     0.99554     7.01412
          0           0           0           1
#
   0.996216 -0.00232839    0.087046    -4.67323
 0.00552671    0.999321   -0.036582     3.21417
 -0.0869018   0.0369245    0.995539     7.01694
          0           0           0           1
#
  0.996217 -0.0024405   0.087036   -4.67237
0.00564166    0.99932 -0.0366147    3.21664
-0.0868875   0.036967   0.995539     7.0197
         0          0          0          1
#
   0.996218 -0.00255242   0.0870242    -4.67138
 0.00575639    0.999318  -0.0366481     3.21912
 -0.0868714   0.0370102    0.995539     7.02228
          0           0           0           1
#
  0.996219 -0.0026624    0.08701   -4.67024
  0.005869   0.999316 -0.0366803     3.2215
 -0.086853  0.0370521   0.995539    7.02467
         0          0          0          1
#
   0.99622 -0.0027721  0.0869999   -4.66933
0.00598139   0.999314 -0.0367138    3.22394
-0.0868386  0.0370953   0.995539    7.02723
         0          0          0          1
#
    0.99622 -0.00288286   0.0869896    -4.66843
 0.00609507    0.999312  -0.0367468     3.22628
  -0.086824    0.037138    0.995538     7.02982
          0           0           0           1
#
   0.996221 -0.00299125   0.0869781    -4.66746
 0.00620639     0.99931  -0.0367818     3.22875
 -0.0868082   0.0371825    0.995538     7.03238
          0           0           0           1
#
   0.996221 -0.00309237   0.0869672    -4.66645
 0.00631039    0.999308  -0.0368167     3.23146
 -0.0867934   0.0372262    0.995538     7.03503
          0           0           0           1
#
   0.996222 -0.00319489    0.086957    -4.66562
 0.00641561    0.999306  -0.0368493     3.23383
 -0.0867791   0.0372678    0.995538     7.03762
          0           0           0           1
#
   0.996223 -0.00329415   0.0869479    -4.66482
 0.00651769    0.999304   -0.036882     3.23633
 -0.0867661   0.0373092    0.995537     7.04031
          0           0           0           1
#
  0.996223 -0.0033952  0.0869389   -4.66401
0.00662139   0.999303 -0.0369134    3.23867
-0.0867532  0.0373495   0.995537      7.043
         0          0          0          1
#
   0.996224 -0.00349445   0.0869301     -4.6632
 0.00672317      0.9993  -0.0369437     3.24103
 -0.0867405   0.0373884    0.995536     7.04575
          0           0           0           1
#
   0.996224 -0.00359374   0.0869206    -4.66245
 0.00682492    0.999299  -0.0369741     3.24333
 -0.0867269   0.0374275    0.995536     7.04834
          0           0           0           1
#
   0.996225 -0.00369232   0.0869082    -4.66144
 0.00692589    0.999297  -0.0370026     3.24548
 -0.0867107   0.0374647    0.995536     7.05074
          0           0           0           1
#
   0.996226 -0.00379272   0.0868975    -4.66061
 0.00702872    0.999295  -0.0370322     3.24763
  -0.086696   0.0375031    0.995536      7.0532
          0           0           0           1
#
   0.996226 -0.00388879   0.0868854    -4.65961
 0.00712765    0.999293  -0.0370659     3.25019
   -0.08668   0.0375451    0.995536     7.05578
          0           0           0           1
#
   0.996227 -0.00398712   0.0868741    -4.65871
 0.00722883    0.999291     -0.0371     3.25263
 -0.0866648   0.0375878    0.995536     7.05839
          0           0           0           1
#
   0.996228 -0.00408465   0.0868653    -4.65801
 0.00732918     0.99929  -0.0371317     3.25501
 -0.0866521   0.0376281    0.995536     7.06095
          0           0           0           1
#
   0.996229 -0.00418046   0.0868553    -4.65716
 0.00742732    0.999288  -0.0371605     3.25728
 -0.0866383   0.0376652    0.995536     7.06337
          0           0           0           1
#
   0.996229 -0.00427578   0.0868435    -4.65622
 0.00752514    0.999286  -0.0371914     3.25964
 -0.0866226   0.0377044    0.995536     7.06575
          0           0           0           1
#
    0.99623 -0.00436977   0.0868311    -4.65524
 0.00762169    0.999285  -0.0372218     3.26197
 -0.0866065    0.037743    0.995536     7.06809
          0           0           0           1
#
    0.99623 -0.00446451   0.0868211    -4.65438
 0.00771917    0.999283  -0.0372539     3.26425
 -0.0865926   0.0377834    0.995536     7.07047
          0           0           0           1
#
   0.996231 -0.00455716   0.0868088    -4.65339
 0.00781459     0.99928  -0.0372889     3.26683
 -0.0865766   0.0378264    0.995536     7.07281
          0           0           0           1
#
   0.996232 -0.00464797   0.0867957    -4.65231
 0.00790842    0.999278  -0.0373262     3.26961
 -0.0865597   0.0378717    0.995536     7.07521
          0           0           0           1
#
   0.996233 -0.00473728   0.0867841    -4.65138
 0.00800082    0.999277  -0.0373626     3.27226
 -0.0865445   0.0379159    0.995536     7.07758
          0           0           0           1
#
   0.996233 -0.00482792   0.0867738     -4.6506
 0.00809427    0.999275  -0.0373983     3.27489
 -0.0865304   0.0379596    0.995535     7.07995
          0           0           0           1
#
   0.996234 -0.00491641   0.0867643    -4.64991
 0.00818552    0.999273  -0.0374318     3.27741
 -0.0865173   0.0380008    0.995535     7.08223
          0           0           0           1
#
   0.996235 -0.00500728   0.0867567    -4.64933
 0.00827901    0.999271  -0.0374632     3.27961
 -0.0865059   0.0380401    0.995534     7.08453
          0           0           0           1
#
   0.996235 -0.00509441   0.0867467    -4.64855
 0.00836876    0.999269   -0.037495     3.28184
 -0.0864924   0.0380795    0.995534     7.08662
          0           0           0           1
#
   0.996236 -0.00517714   0.0867343    -4.64751
 0.00845402    0.999267  -0.0375267      3.2843
 -0.0864765   0.0381184    0.995534     7.08857
          0           0           0           1
#
   0.996236 -0.00526267   0.0867236     -4.6466
 0.00854225    0.999265  -0.0375588     3.28664
 -0.0864623    0.038158    0.995534     7.09063
          0           0           0           1
#
   0.996237 -0.00534784   0.0867128     -4.6457
 0.00862993    0.999264  -0.0375905     3.28897
 -0.0864481   0.0381971    0.995534     7.09266
          0           0           0           1
#
  0.996237 -0.0054337  0.0867042   -4.64492
0.00871853   0.999262 -0.0376225    3.29142
-0.0864358  0.0382366   0.995534    7.09482
         0          0          0          1
#
   0.996238 -0.00552176   0.0866959    -4.64423
 0.00880914     0.99926  -0.0376524     3.29377
 -0.0864239   0.0382741    0.995534      7.0969
          0           0           0           1
#
   0.996238 -0.00561135   0.0866875    -4.64353
 0.00890125    0.999258  -0.0376825     3.29606
 -0.0864118    0.038312    0.995534     7.09895
          0           0           0           1
#
   0.996238 -0.00570311   0.0866809    -4.64303
 0.00899528    0.999257  -0.0377094     3.29801
 -0.0864014   0.0383471    0.995533     7.10101
          0           0           0           1
#
   0.996239 -0.00579453   0.0866735    -4.64245
 0.00908885    0.999255  -0.0377356         3.3
 -0.0863903   0.0383812    0.995533     7.10306
          0           0           0           1
#
   0.996238 -0.00588562   0.0866662    -4.64186
 0.00918224    0.999253  -0.0377611      3.3018
 -0.0863793   0.0384146    0.995533     7.10494
          0           0           0           1
#
   0.996238 -0.00597296   0.0866596    -4.64131
 0.00927139    0.999251  -0.0377826     3.30354
 -0.0863692   0.0384436    0.995532     7.10669
          0           0           0           1
#
   0.996238 -0.00606046   0.0866528     -4.6407
 0.00936077    0.999249  -0.0378045     3.30527
 -0.0863588   0.0384731    0.995532     7.10831
          0           0           0           1
#
  0.996239 -0.0061497  0.0866455   -4.64013
0.00945191   0.999248 -0.0378272    3.30704
-0.0863479  0.0385036   0.995532    7.10993
         0          0          0          1
#
   0.996239 -0.00624011   0.0866398    -4.63971
 0.00954407    0.999246  -0.0378489     3.30871
 -0.0863385   0.0385331    0.995532     7.11163
          0           0           0           1
#
   0.996239 -0.00633177   0.0866335    -4.63926
 0.00963758    0.999245  -0.0378705     3.31027
 -0.0863284   0.0385627    0.995532      7.1132
          0           0           0           1
#
   0.996239 -0.00641931   0.0866271     -4.6387
 0.00972678    0.999244  -0.0378891     3.31171
 -0.0863185   0.0385889    0.995532     7.11465
          0           0           0           1
#
    0.99624 -0.00650569   0.0866215    -4.63827
 0.00981496    0.999242  -0.0379101     3.31335
 -0.0863093   0.0386174    0.995532     7.11619
          0           0           0           1
#
   0.99624 -0.0065918  0.0866159   -4.63784
0.00990302   0.999241 -0.0379306    3.31493
-0.0863001  0.0386455   0.995532    7.11764
         0          0          0          1
#
    0.99624 -0.00667626   0.0866116    -4.63751
 0.00998944    0.999239  -0.0379524      3.3166
 -0.0862923   0.0386746    0.995532     7.11919
          0           0           0           1
#
   0.99624 -0.0067608  0.0866087   -4.63725
 0.0100756   0.999238 -0.0379709    3.31798
 -0.086286  0.0387005   0.995531    7.12075
         0          0          0          1
#
  0.996239 -0.0068437  0.0866044   -4.63691
 0.0101603   0.999236 -0.0379887    3.31924
-0.0862783  0.0387255   0.995531    7.12215
         0          0          0          1
#
   0.996239 -0.00692427   0.0866008     -4.6366
  0.0102424    0.999235  -0.0380041     3.32039
 -0.0862714   0.0387478    0.995531      7.1235
          0           0           0           1
#
   0.996239 -0.00700535    0.086598    -4.63631
  0.0103245    0.999234   -0.038015     3.32129
 -0.0862653   0.0387658    0.995531     7.12473
          0           0           0           1
#
   0.996239 -0.00708634   0.0865952    -4.63605
  0.0104065    0.999233  -0.0380255     3.32215
 -0.0862592   0.0387834    0.995531     7.12598
          0           0           0           1
#
   0.996238 -0.00716488   0.0865926    -4.63583
  0.0104863    0.999231  -0.0380383     3.32315
 -0.0862534    0.038803    0.995531      7.1272
          0           0           0           1
#
   0.996238 -0.00724251   0.0865874     -4.6354
  0.0105654     0.99923  -0.0380544     3.32439
 -0.0862451   0.0388257    0.995531     7.12833
          0           0           0           1
#
   0.996238 -0.00732137   0.0865826    -4.63503
  0.0106457    0.999228  -0.0380726     3.32581
  -0.086237   0.0388508    0.995531     7.12947
          0           0           0           1
#
   0.996238 -0.00740357   0.0865773    -4.63467
  0.0107296    0.999227  -0.0380915     3.32717
 -0.0862283   0.0388768    0.995531     7.13054
          0           0           0           1
#
   0.996239 -0.00747977   0.0865711    -4.63416
  0.0108076    0.999225  -0.0381128     3.32902
  -0.086219   0.0389048    0.995531     7.13161
          0           0           0           1
#
   0.996239 -0.00756153   0.0865649    -4.63377
  0.0108912    0.999224  -0.0381356     3.33068
 -0.0862093   0.0389347    0.995531     7.13274
          0           0           0           1
#
   0.996239 -0.00763885   0.0865584     -4.6333
    0.01097    0.999222  -0.0381563     3.33222
 -0.0861996    0.038962    0.995531     7.13372
          0           0           0           1
#
    0.99624 -0.00771447   0.0865512    -4.63285
  0.0110472    0.999221  -0.0381742      3.3336
 -0.0861892   0.0389865    0.995531     7.13454
          0           0           0           1
#
    0.99624 -0.00779186   0.0865451    -4.63243
   0.011126     0.99922  -0.0381914     3.33491
 -0.0861799   0.0390104     0.99553     7.13538
          0           0           0           1
#
  0.996239 -0.0078675  0.0865396   -4.63208
 0.0112031   0.999218  -0.038208    3.33614
-0.0861713  0.0390335    0.99553    7.13624
         0          0          0          1
#
   0.996239 -0.00794138   0.0865348    -4.63177
  0.0112782    0.999216  -0.0382228     3.33718
 -0.0861634   0.0390548     0.99553     7.13706
          0           0           0           1
#
   0.996239 -0.00801407   0.0865324    -4.63166
  0.0113522    0.999215   -0.038236     3.33819
  -0.086158   0.0390743     0.99553     7.13799
          0           0           0           1
#
  0.996238 -0.0080887  0.0865298    -4.6315
 0.0114278   0.999214  -0.038247    3.33898
-0.0861524  0.0390916    0.99553    7.13883
         0          0          0          1
#
   0.996238 -0.00816248   0.0865245    -4.63118
  0.0115029    0.999213   -0.038262     3.34011
 -0.0861441    0.039113     0.99553     7.13957
          0           0           0           1
#
   0.996238 -0.00823487   0.0865206    -4.63095
  0.0115767    0.999212  -0.0382773      3.3412
 -0.0861371   0.0391346     0.99553     7.14042
          0           0           0           1
#
   0.996238 -0.00830558   0.0865169    -4.63063
  0.0116489     0.99921  -0.0382951     3.34265
 -0.0861304   0.0391585     0.99553     7.14137
          0           0           0           1
#
   0.996238 -0.00837708   0.0865121    -4.63031
   0.011722    0.999209  -0.0383144     3.34411
 -0.0861226    0.039184     0.99553     7.14238
          0           0           0           1
#
  0.996238 -0.0084491  0.0865084   -4.62999
 0.0117956   0.999207 -0.0383324    3.34549
-0.0861159  0.0392083   0.995529    7.14343
         0          0          0          1
#
   0.996238 -0.00851966   0.0865048    -4.62972
  0.0118675    0.999206  -0.0383489     3.34683
 -0.0861093   0.0392309    0.995529     7.14446
          0           0           0           1
#
