1 0 0 0
0 1 0 0
0 0 1 0
0 0 0 1
#
  0.999085 -0.0328736 -0.0273756     8.6574
 0.0354909   0.994216   0.101368   -32.1587
 0.0238849  -0.102247   0.994472    1.82587
         0          0          0          1
#
  0.997786 -0.0495401 -0.0443629    14.1042
 0.0559889   0.985778   0.158453    -50.521
 0.0358822  -0.160586    0.98637    4.50668
         0          0          0          1
#
  0.996577 -0.0602424 -0.0566218    18.0962
 0.0702667   0.978056   0.196139   -62.7889
 0.0435634  -0.199446   0.978941     6.9892
         0          0          0          1
#
  0.995543 -0.0675806 -0.0657938    21.1183
 0.0806847   0.971473   0.223003   -71.6331
 0.0488463  -0.227317   0.972596    9.12491
         0          0          0          1
#
  0.994655 -0.0730054 -0.0730235    23.5143
 0.0887769   0.965782    0.24369   -78.4982
 0.0527341   -0.24887   0.967101    10.9855
         0          0          0          1
#
   0.99389 -0.0771222 -0.0789679    25.4884
 0.0952123   0.960941   0.259861   -83.9004
 0.0558425  -0.265791   0.962412    12.5799
         0          0          0          1
#
  0.993288 -0.0798773 -0.0836689    27.0594
 0.0999112   0.956946    0.27253   -88.1455
 0.0582977   -0.27906   0.958503    13.9116
         0          0          0          1
#
  0.992782 -0.0818938 -0.0876253     28.385
  0.103632   0.953506   0.282997    -91.657
 0.0603755  -0.290034    0.95511    15.0583
         0          0          0          1
#
  0.992333 -0.0835852 -0.0910493    29.5325
  0.106783   0.950741   0.291015   -94.3505
 0.0622397  -0.298505   0.952376    15.9877
         0          0          0          1
#
  0.991983 -0.0846883 -0.0937949    30.4616
  0.109109    0.94844   0.297587    -96.558
 0.0637566  -0.305434   0.950076     16.773
         0          0          0          1
#
  0.991706 -0.0854375 -0.0960215     31.214
  0.110841   0.946714   0.302404   -98.1784
  0.065068  -0.310539   0.948331    17.3672
         0          0          0          1
#
  0.991463 -0.0860381 -0.0979744    31.8718
  0.112283   0.945365   0.306071   -99.4115
 0.0662876  -0.314458   0.946954    17.8383
         0          0          0          1
#
  0.991291 -0.0863408 -0.0994423    32.3657
  0.113241   0.944315   0.308945   -100.384
 0.0672301  -0.317514   0.945867     18.209
         0          0          0          1
#
  0.991173 -0.0866093   -0.10038    32.6812
  0.113954   0.943512   0.311128   -101.126
 0.0677627  -0.319819   0.945052    18.4862
         0          0          0          1
#
  0.991079 -0.0867734  -0.101166    32.9503
  0.114497   0.942834   0.312981   -101.753
 0.0682243  -0.321771   0.944356    18.7248
         0          0          0          1
#
  0.990991 -0.0867984  -0.102003    33.2357
  0.114907   0.942263   0.314545   -102.282
 0.0688112  -0.323431   0.943746    18.9318
         0          0          0          1
#
  0.990892 -0.0869761  -0.102807    33.5051
  0.115434   0.941762    0.31585   -102.722
 0.0693479   -0.32484   0.943223    19.1082
         0          0          0          1
#
  0.990822 -0.0870148  -0.103455    33.7224
  0.115757   0.941385   0.316855   -103.063
 0.0698192  -0.325921   0.942815    19.2439
         0          0          0          1
#
  0.990759 -0.0870388  -0.104037    33.9164
  0.116029   0.941089   0.317632   -103.326
 0.0702609  -0.326767    0.94249    19.3542
         0          0          0          1
#
  0.990688 -0.0871463  -0.104615    34.1085
  0.116363   0.940862   0.318185   -103.513
 0.0706996  -0.327393   0.942239    19.4401
         0          0          0          1
#
