1 0 0 0
0 1 0 0
0 0 1 0
0 0 0 1
#
   0.999487  0.00960132  -0.0305575     7.00463
-0.00915733    0.999851   0.0146439    -2.61185
  0.0306936  -0.0143566    0.999426   0.0214615
          0           0           0           1
#
   0.999449   0.0262759   -0.020308     13.5283
 -0.0259913    0.999562   0.0141657    -5.00673
  0.0206714    -0.01363    0.999694 -0.00779724
          0           0           0           1
#
   0.998879   0.0424941   0.0208986     17.1339
 -0.0425383    0.999094  0.00165487    -6.39661
 -0.0208093 -0.00254197    0.999781  -0.0307045
          0           0           0           1
#
   0.997551   0.0511902   0.0476698     18.7359
 -0.0509638    0.998683 -0.00596238     -7.1102
 -0.0479122  0.00351841    0.998846   0.0102654
          0           0           0           1
#
   0.996891   0.0547223    0.056697     19.4299
 -0.0544265    0.998495 -0.00675547    -7.51602
 -0.0569814  0.00364871    0.998369   0.0287056
          0           0           0           1
#
   0.996667   0.0562094   0.0591265     19.7059
 -0.0560067    0.998418 -0.00508955     -7.7677
  -0.059319  0.00176118    0.998238   0.0290909
          0           0           0           1
#
    0.996579    0.0568702    0.0599726      19.7946
   -0.056789     0.998382  -0.00306692     -7.93936
  -0.0600499 -0.000349249     0.998195    0.0253792
           0            0            0            1
#
   0.996533   0.0570928   0.0605294     19.8082
 -0.0571263    0.998367 -0.00118858    -8.07089
 -0.0604983 -0.00227325    0.998166   0.0213509
          0           0           0           1
#
   0.996498    0.057129   0.0610696     19.7905
 -0.0572666    0.998359 0.000493248    -8.18035
 -0.0609412 -0.00398866    0.998134   0.0179901
          0           0           0           1
#
   0.996472   0.0570342    0.061579     19.7636
 -0.0572676    0.998357  0.00201944    -8.27892
 -0.0613626 -0.00553868    0.998101   0.0142441
          0           0           0           1
#
   0.996449   0.0568995   0.0620755     19.7334
 -0.0572208    0.998356  0.00339694    -8.36695
 -0.0617801 -0.00693676    0.998066   0.0105133
          0           0           0           1
#
   0.996432   0.0566978   0.0625332     19.7038
 -0.0571013    0.998358  0.00467069    -8.44983
 -0.0621656 -0.00822462    0.998032  0.00638199
          0           0           0           1
#
   0.996416   0.0565307    0.062952     19.6762
 -0.0570078    0.998358  0.00579553    -8.52207
 -0.0625209 -0.00936335       0.998  0.00175476
          0           0           0           1
#
   0.996399    0.056395   0.0633266     19.6522
 -0.0569404    0.998355   0.0068288    -8.58856
 -0.0628372  -0.0104099     0.99797 -0.00352859
          0           0           0           1
#
   0.996384   0.0562917   0.0636627       19.63
    -0.0569     0.99835  0.00776995    -8.64906
 -0.0631202  -0.0113641    0.997942 -0.00962448
          0           0           0           1
#
  0.996369  0.0562189  0.0639644    19.6101
-0.0568839   0.998345 0.00861085    -8.7035
-0.0633743 -0.0122179   0.997916 -0.0161629
         0          0          0          1
#
  0.996357  0.0561112  0.0642389    19.5921
 -0.056828   0.998341 0.00937286   -8.75309
-0.0636063 -0.0129891   0.997891 -0.0232544
         0          0          0          1
#
  0.996346  0.0560185  0.0645005    19.5752
-0.0567835   0.998337  0.0100758   -8.79848
-0.0638287 -0.0137014   0.997867 -0.0306511
         0          0          0          1
#
  0.996336  0.0559372  0.0647272    19.5606
-0.0567457   0.998332  0.0107079   -8.83981
-0.0640202 -0.0143415   0.997846 -0.0385056
         0          0          0          1
#
  0.996326  0.0558751  0.0649366    19.5467
-0.0567229   0.998327  0.0112734   -8.87648
 -0.064198 -0.0149152   0.997826 -0.0466766
         0          0          0          1
#
  0.996317  0.0558209  0.0651192    19.5343
-0.0567046   0.998323  0.0117892   -8.90996
-0.0643517 -0.0154381   0.997808 -0.0551682
         0          0          0          1
#
  0.996308  0.0557832  0.0652878    19.5233
-0.0566987   0.998317  0.0122422   -8.93951
-0.0644949 -0.0158985   0.997792 -0.0638161
         0          0          0          1
#
    0.9963  0.0557495  0.0654328    19.5137
-0.0566936   0.998313  0.0126483   -8.96658
-0.0646171 -0.0163109   0.997777 -0.0728111
         0          0          0          1
#
  0.996292  0.0557344  0.0655613     19.505
-0.0567047   0.998307  0.0130227   -8.99172
-0.0647244 -0.0166918   0.997764 -0.0823097
         0          0          0          1
#
  0.996285  0.0557269  0.0656781    19.4973
-0.0567206   0.998302  0.0133543   -9.01387
-0.0648222 -0.0170298   0.997752 -0.0919685
         0          0          0          1
#
  0.996278   0.055739  0.0657878    19.4901
-0.0567534   0.998296  0.0136435   -9.03281
-0.0649151 -0.0173262   0.997741  -0.101795
         0          0          0          1
#
  0.996271   0.055737  0.0658935    19.4829
 -0.056771   0.998292  0.0139132    -9.0507
-0.0650053  -0.017602    0.99773  -0.111595
         0          0          0          1
#
  0.996264  0.0557347  0.0659928    19.4761
-0.0567867   0.998287  0.0141623   -9.06742
-0.0650903 -0.0178567    0.99772  -0.121517
         0          0          0          1
#
  0.996259  0.0557383  0.0660759    19.4704
-0.0568057   0.998283  0.0143759   -9.08166
 -0.065161 -0.0180754   0.997712  -0.131611
         0          0          0          1
#
  0.996254  0.0557474  0.0661489    19.4654
-0.0568282   0.998279  0.0145597   -9.09406
-0.0652232  -0.018264   0.997705  -0.141544
         0          0          0          1
#
  0.996248  0.0557644  0.0662104    19.4612
 -0.056857   0.998275  0.0147229   -9.10517
 -0.065275 -0.0184319   0.997698  -0.151638
         0          0          0          1
#
  0.996244  0.0557832  0.0662614    19.4576
-0.0568863   0.998271  0.0148677   -9.11516
-0.0653173  -0.018581   0.997693  -0.161785
         0          0          0          1
#
  0.996239  0.0558119  0.0663033    19.4548
-0.0569237   0.998267   0.014988   -9.12348
-0.0653518 -0.0187056   0.997688  -0.171753
         0          0          0          1
#
  0.996236  0.0558304  0.0663449    19.4518
-0.0569502   0.998264  0.0150967   -9.13131
-0.0653867  -0.018818   0.997683  -0.181602
         0          0          0          1
#
  0.996232  0.0558498  0.0663783    19.4494
-0.0569768   0.998261  0.0151947   -9.13844
-0.0654141 -0.0189192    0.99768  -0.191685
         0          0          0          1
#
  0.996229  0.0558671  0.0664072    19.4473
-0.0570004   0.998259  0.0152828   -9.14492
-0.0654376 -0.0190101   0.997676    -0.2019
         0          0          0          1
#
  0.996227  0.0558817  0.0664339    19.4453
-0.0570204   0.998256  0.0153593   -9.15067
-0.0654596 -0.0190892   0.997673  -0.212139
         0          0          0          1
#
  0.996225   0.055888   0.066456    19.4437
-0.0570316   0.998254  0.0154267   -9.15587
-0.0654777 -0.0191583    0.99767  -0.222416
         0          0          0          1
#
  0.996222  0.0559048  0.0664757    19.4422
-0.0570525   0.998252  0.0154807   -9.15987
-0.0654939 -0.0192146   0.997668   -0.23262
         0          0          0          1
#
   0.99622  0.0559239  0.0664935    19.4409
-0.0570751    0.99825  0.0155279   -9.16341
-0.0655086 -0.0192641   0.997666  -0.242992
         0          0          0          1
#
  0.996217  0.0559502  0.0665119    19.4396
-0.0571045   0.998247  0.0155688   -9.16646
-0.0655241 -0.0193078   0.997664  -0.253166
         0          0          0          1
#
  0.996214  0.0559767  0.0665307    19.4384
-0.0571338   0.998245  0.0156039   -9.16913
-0.0655404 -0.0193457   0.997662  -0.263355
         0          0          0          1
#
  0.996212   0.056002  0.0665452    19.4373
-0.0571614   0.998243  0.0156343   -9.17153
-0.0655526 -0.0193787   0.997661  -0.273506
         0          0          0          1
#
   0.99621   0.056025  0.0665557    19.4366
-0.0571863   0.998241  0.0156603   -9.17367
-0.0655611 -0.0194068   0.997659  -0.283615
         0          0          0          1
#
  0.996207  0.0560469  0.0665666    19.4358
-0.0572099   0.998239  0.0156846   -9.17566
-0.0655703 -0.0194332   0.997658  -0.293613
         0          0          0          1
#
  0.996206   0.056066  0.0665761    19.4351
-0.0572309   0.998237  0.0157097   -9.17781
 -0.065578 -0.0194602   0.997657  -0.303612
         0          0          0          1
#
  0.996204  0.0560873  0.0665851    19.4345
 -0.057254   0.998235  0.0157338    -9.1798
-0.0655851 -0.0194861   0.997656  -0.313503
         0          0          0          1
#
  0.996201  0.0561134  0.0665949    19.4338
-0.0572816   0.998234  0.0157513   -9.18137
-0.0655934 -0.0195059   0.997655  -0.323341
         0          0          0          1
#
  0.996199  0.0561404  0.0666011    19.4333
-0.0573095   0.998232  0.0157633   -9.18258
-0.0655984 -0.0195201   0.997654  -0.333149
         0          0          0          1
#
  0.996197  0.0561679  0.0666059    19.4329
-0.0573377    0.99823  0.0157718   -9.18358
-0.0656021 -0.0195307   0.997654  -0.343094
         0          0          0          1
#
  0.996196  0.0561883  0.0666093    19.4325
-0.0573585   0.998228  0.0157756   -9.18435
-0.0656049  -0.019536   0.997654  -0.353039
         0          0          0          1
#
  0.996194  0.0562129  0.0666107    19.4323
-0.0573831   0.998227  0.0157753   -9.18488
-0.0656058 -0.0195375   0.997654   -0.36293
         0          0          0          1
#
  0.996193  0.0562417  0.0666117    19.4322
-0.0574119   0.998225   0.015774   -9.18532
-0.0656063 -0.0195382   0.997654  -0.372536
         0          0          0          1
#
  0.996191  0.0562706  0.0666134     19.432
-0.0574406   0.998223   0.015772    -9.1858
-0.0656076 -0.0195381   0.997654  -0.382042
         0          0          0          1
#
  0.996189  0.0562964  0.0666129    19.4318
-0.0574663   0.998222  0.0157679    -9.1862
-0.0656068 -0.0195357   0.997654  -0.391228
         0          0          0          1
#
  0.996188  0.0563233  0.0666106    19.4317
-0.0574924   0.998221  0.0157575   -9.18618
-0.0656046  -0.019527   0.997654  -0.400558
         0          0          0          1
#
  0.996186  0.0563519  0.0666078    19.4316
-0.0575204   0.998219  0.0157489   -9.18625
-0.0656018 -0.0195201   0.997654  -0.409866
         0          0          0          1
#
  0.996185   0.056381  0.0666045    19.4316
 -0.057549   0.998217  0.0157402   -9.18633
-0.0655984 -0.0195131   0.997654  -0.419163
         0          0          0          1
#
  0.996183  0.0564086  0.0666023    19.4316
-0.0575756   0.998216  0.0157268   -9.18615
-0.0655965 -0.0195013   0.997655  -0.428394
         0          0          0          1
#
  0.996182  0.0564403  0.0665983    19.4317
-0.0576065   0.998215   0.015713   -9.18587
-0.0655927 -0.0194894   0.997655  -0.437401
         0          0          0          1
#
   0.99618  0.0564704  0.0665957    19.4317
-0.0576357   0.998213  0.0156999   -9.18568
-0.0655902 -0.0194782   0.997656  -0.446438
         0          0          0          1
#
  0.996179  0.0565021  0.0665926    19.4317
-0.0576665   0.998211  0.0156843    -9.1853
-0.0655874 -0.0194645   0.997656  -0.455669
         0          0          0          1
#
  0.996177  0.0565381  0.0665866     19.432
-0.0577013    0.99821  0.0156669   -9.18473
-0.0655817 -0.0194491   0.997657  -0.464939
         0          0          0          1
#
  0.996175  0.0565712  0.0665806    19.4322
 -0.057733   0.998208  0.0156471   -9.18412
-0.0655762 -0.0194311   0.997657   -0.47414
         0          0          0          1
#
  0.996173  0.0566054  0.0665734    19.4325
-0.0577658   0.998206  0.0156272   -9.18349
-0.0655696 -0.0194131   0.997658  -0.483154
         0          0          0          1
#
  0.996172  0.0566343  0.0665663    19.4328
-0.0577932   0.998205  0.0156087     -9.183
 -0.065563  -0.019396   0.997659  -0.492111
         0          0          0          1
#
  0.996171  0.0566586    0.06656    19.4329
-0.0578161   0.998203  0.0155873   -9.18239
-0.0655575 -0.0193759    0.99766  -0.500977
         0          0          0          1
#
   0.99617  0.0566785  0.0665551     19.433
-0.0578347   0.998202  0.0155672   -9.18183
-0.0655534 -0.0193568    0.99766  -0.509995
         0          0          0          1
#
  0.996169  0.0567038  0.0665504    19.4331
-0.0578588   0.998201  0.0155489   -9.18125
-0.0655493 -0.0193399    0.99766  -0.518871
         0          0          0          1
#
  0.996168  0.0567278  0.0665445    19.4334
-0.0578815     0.9982  0.0155302   -9.18064
-0.0655439 -0.0193224   0.997661  -0.527954
         0          0          0          1
#
  0.996167  0.0567528  0.0665384    19.4337
 -0.057905   0.998199  0.0155082   -9.17984
-0.0655386 -0.0193017   0.997662  -0.536922
         0          0          0          1
#
  0.996166   0.056777  0.0665318    19.4339
-0.0579275   0.998198  0.0154854     -9.179
 -0.065533 -0.0192801   0.997663  -0.545803
         0          0          0          1
#
  0.996164  0.0568055  0.0665286    19.4341
-0.0579549   0.998197  0.0154658    -9.1782
-0.0655304 -0.0192622   0.997663   -0.55455
         0          0          0          1
#
  0.996163  0.0568327  0.0665232    19.4343
-0.0579806   0.998195  0.0154435   -9.17725
-0.0655257 -0.0192413   0.997663  -0.563408
         0          0          0          1
#
  0.996161  0.0568655  0.0665154    19.4347
-0.0580117   0.998193  0.0154199   -9.17613
-0.0655187 -0.0192195   0.997664  -0.572323
         0          0          0          1
#
   0.99616  0.0568904  0.0665082     19.435
-0.0580353   0.998192  0.0153987   -9.17521
-0.0655123 -0.0191995   0.997665  -0.581184
         0          0          0          1
#
  0.996159  0.0569149  0.0665038    19.4352
-0.0580584   0.998191   0.015378   -9.17436
-0.0655086 -0.0191802   0.997666  -0.589966
         0          0          0          1
#
  0.996158  0.0569413  0.0664957    19.4356
-0.0580831    0.99819  0.0153554   -9.17342
-0.0655014 -0.0191588   0.997666  -0.598789
         0          0          0          1
#
  0.996156  0.0569709  0.0664871     19.436
-0.0581109   0.998188  0.0153304   -9.17232
-0.0654937 -0.0191352   0.997667  -0.607506
         0          0          0          1
#
  0.996155  0.0569946   0.066477    19.4365
-0.0581327   0.998187  0.0153049   -9.17125
-0.0654846 -0.0191107   0.997668  -0.616089
         0          0          0          1
#
  0.996154  0.0570216  0.0664684    19.4369
-0.0581581   0.998186  0.0152814   -9.17028
-0.0654769 -0.0190884   0.997669  -0.624737
         0          0          0          1
#
  0.996153  0.0570518  0.0664578    19.4375
-0.0581862   0.998185   0.015254   -9.16906
-0.0654673 -0.0190624    0.99767  -0.633423
         0          0          0          1
#
  0.996151  0.0570925  0.0664468    19.4382
-0.0582249   0.998183  0.0152247   -9.16758
-0.0654573 -0.0190351   0.997671  -0.642101
         0          0          0          1
#
  0.996149  0.0571407  0.0664355    19.4389
-0.0582704   0.998181  0.0151858   -9.16532
-0.0654474 -0.0189987   0.997672  -0.650856
         0          0          0          1
#
  0.996148  0.0571741  0.0664243    19.4394
-0.0583013    0.99818  0.0151498    -9.1634
-0.0654376 -0.0189642   0.997673  -0.659576
         0          0          0          1
#
  0.996147  0.0572012  0.0664157    19.4398
-0.0583263   0.998179  0.0151209   -9.16203
-0.0654302 -0.0189366   0.997675  -0.668236
         0          0          0          1
#
  0.996146  0.0572298  0.0664035    19.4404
-0.0583527   0.998178  0.0150912    -9.1606
-0.0654192  -0.018908   0.997676  -0.676971
         0          0          0          1
#
  0.996146  0.0572525  0.0663917     19.441
-0.0583732   0.998177   0.015063   -9.15927
-0.0654087 -0.0188806   0.997677   -0.68576
         0          0          0          1
#
  0.996145   0.057276  0.0663842    19.4413
 -0.058395   0.998176  0.0150376   -9.15814
-0.0654023 -0.0188562   0.997678  -0.694561
         0          0          0          1
#
  0.996145  0.0572913  0.0663747    19.4417
-0.0584086   0.998175  0.0150141   -9.15726
-0.0653939 -0.0188332   0.997679  -0.703346
         0          0          0          1
#
  0.996144  0.0573038  0.0663668    19.4419
-0.0584196   0.998175   0.014995   -9.15665
-0.0653868 -0.0188144   0.997679  -0.712204
         0          0          0          1
#
  0.996144  0.0573188  0.0663609    19.4422
-0.0584332   0.998175  0.0149761     -9.156
-0.0653818 -0.0187962    0.99768  -0.721062
         0          0          0          1
#
  0.996143  0.0573392  0.0663556    19.4423
-0.0584523   0.998174  0.0149578   -9.15529
-0.0653772 -0.0187789   0.997681  -0.729755
         0          0          0          1
#
  0.996142  0.0573628  0.0663492    19.4427
-0.0584746   0.998172  0.0149389   -9.15446
-0.0653715 -0.0187612   0.997681   -0.73848
         0          0          0          1
#
  0.996141  0.0573795  0.0663439    19.4429
-0.0584901   0.998172  0.0149206   -9.15367
-0.0653669 -0.0187436   0.997682  -0.747196
         0          0          0          1
#
  0.996141  0.0573976  0.0663363    19.4432
-0.0585067   0.998171  0.0149013   -9.15277
-0.0653601  -0.018725   0.997683  -0.755825
         0          0          0          1
#
   0.99614  0.0574175  0.0663288    19.4436
-0.0585251    0.99817  0.0148809   -9.15187
-0.0653534 -0.0187055   0.997683  -0.764412
         0          0          0          1
#
  0.996139  0.0574345  0.0663204    19.4441
-0.0585405    0.99817  0.0148618   -9.15105
-0.0653459  -0.018687   0.997684  -0.773079
         0          0          0          1
#
  0.996139  0.0574476  0.0663125    19.4444
-0.0585522   0.998169  0.0148431   -9.15033
-0.0653388 -0.0186687   0.997685  -0.781712
         0          0          0          1
#
  0.996138  0.0574637  0.0663049    19.4449
-0.0585671   0.998169  0.0148272   -9.14973
-0.0653318 -0.0186534   0.997685  -0.790436
         0          0          0          1
#
  0.996138   0.057482  0.0662951    19.4455
-0.0585841   0.998168  0.0148102   -9.14895
-0.0653228  -0.018637   0.997686  -0.799191
         0          0          0          1
#
  0.996137  0.0575055  0.0662877    19.4459
 -0.058606   0.998167  0.0147898   -9.14785
-0.0653162 -0.0186176   0.997687  -0.808006
         0          0          0          1
#
  0.996136  0.0575249  0.0662814    19.4463
-0.0586239   0.998166  0.0147697   -9.14689
-0.0653106 -0.0185984   0.997687  -0.816837
         0          0          0          1
#
  0.996136  0.0575461  0.0662727    19.4468
-0.0586437   0.998166  0.0147502   -9.14593
-0.0653026 -0.0185797   0.997688  -0.825905
         0          0          0          1
#
  0.996135  0.0575666  0.0662637    19.4474
-0.0586626   0.998165  0.0147263   -9.14467
-0.0652947 -0.0185566   0.997689  -0.834965
         0          0          0          1
#
  0.996135   0.057584  0.0662538    19.4479
-0.0586783   0.998164  0.0147034   -9.14348
-0.0652859 -0.0185342   0.997689  -0.844067
         0          0          0          1
#
  0.996135   0.057597  0.0662434    19.4485
-0.0586899   0.998164  0.0146817   -9.14235
-0.0652765 -0.0185127    0.99769   -0.85323
         0          0          0          1
#
  0.996134  0.0576119  0.0662358    19.4489
-0.0587035   0.998163  0.0146633   -9.14144
-0.0652697 -0.0184948   0.997691   -0.86256
         0          0          0          1
#
  0.996134  0.0576238  0.0662283    19.4493
-0.0587139   0.998163  0.0146439   -9.14048
-0.0652631 -0.0184758   0.997692  -0.872112
         0          0          0          1
#
  0.996134  0.0576428  0.0662189    19.4499
-0.0587315   0.998162   0.014625   -9.13945
-0.0652545 -0.0184576   0.997692  -0.881561
         0          0          0          1
#
  0.996133  0.0576651  0.0662098    19.4505
-0.0587522   0.998161  0.0146032   -9.13817
-0.0652462 -0.0184367   0.997693  -0.891037
         0          0          0          1
#
  0.996133  0.0576825  0.0662005    19.4511
-0.0587681   0.998161  0.0145819     -9.137
-0.0652379  -0.018416   0.997694   -0.90062
         0          0          0          1
#
  0.996132  0.0576987  0.0661897    19.4516
-0.0587825    0.99816  0.0145601   -9.13585
-0.0652281 -0.0183945   0.997695   -0.91024
         0          0          0          1
#
  0.996132  0.0577084  0.0661808    19.4521
-0.0587907    0.99816  0.0145398   -9.13488
-0.0652202 -0.0183744   0.997696  -0.919811
         0          0          0          1
#
  0.996132  0.0577169  0.0661719    19.4526
-0.0587976    0.99816  0.0145169   -9.13375
-0.0652125 -0.0183515   0.997697  -0.929527
         0          0          0          1
#
  0.996132   0.057735  0.0661598    19.4533
-0.0588137   0.998159  0.0144913   -9.13231
-0.0652017 -0.0183263   0.997698  -0.939213
         0          0          0          1
#
  0.996132  0.0577491    0.06615    19.4538
-0.0588261   0.998159  0.0144677    -9.1311
 -0.065193  -0.018303   0.997699  -0.949135
         0          0          0          1
#
  0.996131   0.057763  0.0661398    19.4543
-0.0588382   0.998159  0.0144426   -9.12985
 -0.065184 -0.0182782     0.9977  -0.958935
         0          0          0          1
#
  0.996131  0.0577739   0.066128    19.4549
 -0.058847   0.998159  0.0144153   -9.12858
-0.0651736  -0.018251   0.997701   -0.96867
         0          0          0          1
#
  0.996131  0.0577924  0.0661144    19.4557
-0.0588636   0.998158  0.0143867   -9.12714
-0.0651615 -0.0182228   0.997702  -0.978584
         0          0          0          1
#
  0.996131   0.057812  0.0661001    19.4564
-0.0588809   0.998158  0.0143542   -9.12544
-0.0651487 -0.0181907   0.997704   -0.98859
         0          0          0          1
#
  0.996131  0.0578386  0.0660808    19.4575
-0.0589048   0.998157  0.0143187   -9.12345
-0.0651311 -0.0181557   0.997705  -0.999001
         0          0          0          1
#
  0.996131  0.0578606  0.0660634    19.4585
-0.0589241   0.998156  0.0142821   -9.12139
-0.0651155 -0.0181194   0.997707   -1.00961
         0          0          0          1
#
   0.99613  0.0578867  0.0660421    19.4597
-0.0589471   0.998155   0.014241   -9.11894
-0.0650961 -0.0180788   0.997709   -1.02045
         0          0          0          1
#
   0.99613  0.0579005  0.0660247    19.4607
-0.0589581   0.998155  0.0142035   -9.11678
-0.0650808 -0.0180411    0.99771   -1.03125
         0          0          0          1
#
  0.996131  0.0579091  0.0660062    19.4618
-0.0589638   0.998155  0.0141651   -9.11465
-0.0650644 -0.0180022   0.997712     -1.042
         0          0          0          1
#
  0.996132  0.0579227  0.0659858     19.463
-0.0589744   0.998155  0.0141242    -9.1122
-0.0650463 -0.0179609   0.997714   -1.05289
         0          0          0          1
#
  0.996133  0.0579314  0.0659644    19.4643
-0.0589798   0.998155  0.0140817   -9.10968
-0.0650273 -0.0179177   0.997716   -1.06391
         0          0          0          1
#
  0.996133  0.0579437   0.065946    19.4655
 -0.058989   0.998155  0.0140367   -9.10689
-0.0650113 -0.0178724   0.997717   -1.07495
         0          0          0          1
#
  0.996134   0.057953  0.0659241     19.467
-0.0589949   0.998155  0.0139924   -9.10414
-0.0649919 -0.0178273   0.997719   -1.08607
         0          0          0          1
#
  0.996135  0.0579594   0.065904    19.4683
 -0.058998   0.998156  0.0139476   -9.10131
-0.0649743 -0.0177818   0.997721   -1.09718
         0          0          0          1
#
  0.996136  0.0579683  0.0658862    19.4694
-0.0590039   0.998156  0.0139069   -9.09873
-0.0649588 -0.0177405   0.997723   -1.10844
         0          0          0          1
#
  0.996136  0.0579804  0.0658675    19.4706
-0.0590128   0.998156  0.0138624   -9.09587
-0.0649426 -0.0176957   0.997724   -1.11955
         0          0          0          1
#
  0.996137  0.0579852   0.065848    19.4719
-0.0590145   0.998157  0.0138191   -9.09318
-0.0649256 -0.0176515   0.997726   -1.13086
         0          0          0          1
#
  0.996138  0.0579932  0.0658274    19.4732
-0.0590193   0.998157  0.0137776   -9.09055
-0.0649073 -0.0176093   0.997728   -1.14251
         0          0          0          1
#
  0.996139  0.0580047  0.0658086    19.4745
-0.0590278   0.998157  0.0137348   -9.08774
-0.0648909 -0.0175661    0.99773   -1.15435
         0          0          0          1
#
   0.99614  0.0580137  0.0657879    19.4758
-0.0590338   0.998158  0.0136913   -9.08491
-0.0648726 -0.0175219   0.997732   -1.16639
         0          0          0          1
#
  0.996141  0.0580221  0.0657654    19.4772
-0.0590388   0.998158  0.0136455   -9.08198
-0.0648527 -0.0174753   0.997734   -1.17849
         0          0          0          1
#
  0.996142  0.0580296  0.0657434    19.4786
-0.0590427   0.998159  0.0135979   -9.07894
-0.0648335 -0.0174268   0.997736   -1.19044
         0          0          0          1
#
  0.996143  0.0580405  0.0657209      19.48
-0.0590498   0.998159  0.0135482   -9.07578
-0.0648138 -0.0173765   0.997738   -1.20242
         0          0          0          1
#
  0.996144  0.0580524  0.0656997    19.4814
-0.0590584   0.998159  0.0135012   -9.07272
-0.0647951  -0.017329    0.99774   -1.21442
         0          0          0          1
#
  0.996145  0.0580694  0.0656782    19.4828
 -0.059072   0.998159  0.0134531   -9.06952
-0.0647763 -0.0172806   0.997742   -1.22647
         0          0          0          1
#
  0.996145  0.0580857  0.0656551    19.4844
-0.0590845    0.99816   0.013402   -9.06612
-0.0647558 -0.0172292   0.997744   -1.23861
         0          0          0          1
#
  0.996146  0.0580945  0.0656335    19.4858
-0.0590896    0.99816  0.0133535   -9.06299
 -0.064737 -0.0171799   0.997746   -1.25086
         0          0          0          1
#
  0.996147  0.0581036  0.0656154     19.487
-0.0590955   0.998161  0.0133064   -9.05999
-0.0647216 -0.0171323   0.997748   -1.26305
         0          0          0          1
#
  0.996149  0.0581057  0.0655965    19.4881
-0.0590944   0.998161  0.0132617   -9.05729
-0.0647053 -0.0170865   0.997749   -1.27514
         0          0          0          1
#
   0.99615  0.0581044  0.0655766    19.4894
  -0.05909   0.998162  0.0132202   -9.05476
-0.0646879 -0.0170437   0.997751   -1.28719
         0          0          0          1
#
  0.996151  0.0581052  0.0655592    19.4904
-0.0590879   0.998163  0.0131791   -9.05223
 -0.064673 -0.0170017   0.997753    -1.2995
         0          0          0          1
#
  0.996152  0.0581065  0.0655424    19.4914
-0.0590865   0.998163  0.0131405   -9.04985
-0.0646585 -0.0169622   0.997754   -1.31202
         0          0          0          1
#
  0.996154  0.0581054  0.0655274    19.4923
-0.0590829   0.998164   0.013105   -9.04769
-0.0646456 -0.0169257   0.997756   -1.32434
         0          0          0          1
#
  0.996155  0.0581089  0.0655113    19.4933
-0.0590839   0.998165  0.0130708   -9.04555
-0.0646315 -0.0168908   0.997757   -1.33683
         0          0          0          1
#
  0.996156  0.0581127  0.0654964    19.4943
-0.0590852   0.998165  0.0130358   -9.04334
-0.0646187  -0.016855   0.997759   -1.34924
         0          0          0          1
#
  0.996156  0.0581235  0.0654837    19.4952
-0.0590937   0.998165  0.0130049   -9.04133
-0.0646077 -0.0168241    0.99776   -1.36161
         0          0          0          1
#
  0.996156  0.0581285   0.065475    19.4958
-0.0590969   0.998166  0.0129787   -9.03972
-0.0646004 -0.0167977   0.997761   -1.37398
         0          0          0          1
#
  0.996157  0.0581308  0.0654648    19.4965
-0.0590975   0.998166  0.0129541   -9.03813
-0.0645917 -0.0167726   0.997762   -1.38616
         0          0          0          1
#
  0.996158  0.0581343  0.0654559    19.4971
-0.0590995   0.998167  0.0129304   -9.03655
-0.0645841 -0.0167486   0.997763   -1.39826
         0          0          0          1
#
  0.996158  0.0581386  0.0654493    19.4976
-0.0591022   0.998167  0.0129104   -9.03528
-0.0645786 -0.0167285   0.997764   -1.41041
         0          0          0          1
#
  0.996159  0.0581374  0.0654432     19.498
-0.0590999   0.998167  0.0128931   -9.03429
-0.0645736 -0.0167108   0.997764   -1.42242
         0          0          0          1
#
  0.996159  0.0581388  0.0654357    19.4984
-0.0591001   0.998168  0.0128775   -9.03333
 -0.064567 -0.0166947   0.997765   -1.43455
         0          0          0          1
#
  0.996159  0.0581433  0.0654278    19.4989
-0.0591035   0.998168  0.0128622   -9.03233
-0.0645599 -0.0166793   0.997766   -1.44694
         0          0          0          1
#
   0.99616  0.0581446  0.0654231    19.4992
-0.0591039   0.998168   0.012851    -9.0316
-0.0645559 -0.0166678   0.997766   -1.45944
         0          0          0          1
#
   0.99616  0.0581478  0.0654182    19.4996
-0.0591064   0.998168   0.012842   -9.03097
-0.0645515 -0.0166587   0.997767   -1.47186
         0          0          0          1
#
  0.996161  0.0581444  0.0654154    19.4998
-0.0591025   0.998168  0.0128341   -9.03049
-0.0645491 -0.0166505   0.997767   -1.48409
         0          0          0          1
#
  0.996161  0.0581514  0.0654103    19.5002
 -0.059109   0.998168  0.0128253   -9.02982
-0.0645445 -0.0166418   0.997768    -1.4963
         0          0          0          1
#
   0.99616  0.0581611  0.0654059    19.5006
-0.0591183   0.998167  0.0128179   -9.02926
-0.0645403 -0.0166348   0.997768   -1.50844
         0          0          0          1
#
   0.99616  0.0581671  0.0654036    19.5008
-0.0591238   0.998167  0.0128145   -9.02904
-0.0645382 -0.0166317   0.997768   -1.52083
         0          0          0          1
#
   0.99616  0.0581694  0.0654006     19.501
 -0.059126   0.998167  0.0128113   -9.02887
-0.0645354 -0.0166284   0.997768   -1.53312
         0          0          0          1
#
   0.99616  0.0581753  0.0653981    19.5012
-0.0591315   0.998167  0.0128077   -9.02863
 -0.064533  -0.016625   0.997769   -1.54546
         0          0          0          1
#
   0.99616  0.0581821  0.0653922    19.5017
-0.0591379   0.998166  0.0128018   -9.02825
-0.0645273 -0.0166192   0.997769   -1.55822
         0          0          0          1
#
   0.99616  0.0581955  0.0653871    19.5022
-0.0591509   0.998166  0.0127965   -9.02784
-0.0645223 -0.0166145    0.99777    -1.5711
         0          0          0          1
#
  0.996159  0.0582022  0.0653822    19.5025
-0.0591571   0.998165  0.0127912   -9.02757
-0.0645176 -0.0166093    0.99777   -1.58406
         0          0          0          1
#
  0.996159  0.0582071  0.0653774    19.5028
-0.0591614   0.998165  0.0127847   -9.02725
-0.0645131 -0.0166028   0.997771   -1.59714
         0          0          0          1
#
  0.996159  0.0582117  0.0653736    19.5031
-0.0591654   0.998165  0.0127777   -9.02687
-0.0645098 -0.0165958   0.997771   -1.61036
         0          0          0          1
#
  0.996159  0.0582197  0.0653714    19.5033
-0.0591731   0.998165  0.0127732   -9.02662
-0.0645077 -0.0165917   0.997771   -1.62357
         0          0          0          1
#
   0.99616  0.0582131  0.0653692    19.5033
-0.0591664   0.998165  0.0127722   -9.02677
-0.0645056 -0.0165902   0.997772   -1.63664
         0          0          0          1
#
  0.996159  0.0582191  0.0653669    19.5035
-0.0591722   0.998165  0.0127688   -9.02659
-0.0645034  -0.016587   0.997772    -1.6497
         0          0          0          1
#
   0.99616  0.0582247  0.0653606     19.504
-0.0591775   0.998165  0.0127655   -9.02645
-0.0644972 -0.0165837   0.997772   -1.66302
         0          0          0          1
#
   0.99616  0.0582297  0.0653564    19.5042
-0.0591821   0.998164  0.0127627   -9.02637
-0.0644931  -0.016581   0.997772   -1.67633
         0          0          0          1
#
   0.99616  0.0582352  0.0653515    19.5045
 -0.059187   0.998164  0.0127562   -9.02606
-0.0644885 -0.0165745   0.997773   -1.68991
         0          0          0          1
#
  0.996161  0.0582344  0.0653487    19.5046
-0.0591859   0.998165   0.012751   -9.02592
 -0.064486 -0.0165691   0.997773   -1.70349
         0          0          0          1
#
  0.996161  0.0582409  0.0653438    19.5049
-0.0591918   0.998165  0.0127445   -9.02562
-0.0644815 -0.0165627   0.997774   -1.71719
         0          0          0          1
#
  0.996161   0.058244  0.0653422     19.505
-0.0591947   0.998165  0.0127399   -9.02543
-0.0644801 -0.0165582   0.997774   -1.73086
         0          0          0          1
#
  0.996161  0.0582478    0.06534    19.5051
 -0.059198   0.998165  0.0127361   -9.02522
-0.0644781 -0.0165545   0.997774   -1.74459
         0          0          0          1
#
  0.996161  0.0582547  0.0653354    19.5054
-0.0592046   0.998164  0.0127298   -9.02481
-0.0644737 -0.0165484   0.997775   -1.75809
         0          0          0          1
#
  0.996161   0.058257  0.0653325    19.5056
-0.0592068   0.998164  0.0127302   -9.02492
-0.0644708 -0.0165488   0.997775   -1.77183
         0          0          0          1
#
  0.996161  0.0582601  0.0653303    19.5057
-0.0592099   0.998164   0.012732   -9.02512
-0.0644684 -0.0165506   0.997775   -1.78516
         0          0          0          1
#
  0.996161  0.0582614   0.065327     19.506
 -0.059211   0.998164  0.0127322   -9.02522
-0.0644651 -0.0165507   0.997775   -1.79863
         0          0          0          1
#
  0.996161  0.0582676  0.0653257    19.5061
-0.0592171   0.998164  0.0127313   -9.02515
-0.0644638 -0.0165501   0.997775    -1.8121
         0          0          0          1
#
  0.996161    0.05827  0.0653253    19.5061
-0.0592194   0.998164  0.0127309   -9.02516
-0.0644634 -0.0165498   0.997776   -1.82577
         0          0          0          1
#
  0.996161  0.0582724  0.0653253    19.5061
-0.0592219   0.998164  0.0127334   -9.02535
-0.0644631 -0.0165524   0.997776   -1.83926
         0          0          0          1
#
  0.996161   0.058274  0.0653273     19.506
-0.0592236   0.998164  0.0127361   -9.02557
 -0.064465 -0.0165554   0.997776   -1.85253
         0          0          0          1
#
  0.996161  0.0582766  0.0653275    19.5061
-0.0592264   0.998164  0.0127402   -9.02587
-0.0644649 -0.0165596   0.997776   -1.86578
         0          0          0          1
#
  0.996161  0.0582753   0.065328    19.5061
-0.0592253   0.998164  0.0127464   -9.02637
 -0.064465 -0.0165658   0.997776   -1.87902
         0          0          0          1
#
  0.996161  0.0582703  0.0653288     19.506
-0.0592205   0.998165  0.0127515   -9.02686
-0.0644656 -0.0165706   0.997776   -1.89231
         0          0          0          1
#
  0.996161  0.0582725  0.0653283    19.5061
-0.0592231   0.998164  0.0127584   -9.02732
-0.0644647 -0.0165775   0.997776   -1.90554
         0          0          0          1
#
  0.996161   0.058275  0.0653284    19.5061
-0.0592261   0.998164  0.0127654   -9.02781
-0.0644643 -0.0165847   0.997775   -1.91876
         0          0          0          1
#
   0.99616  0.0582808  0.0653312     19.506
-0.0592322   0.998163  0.0127719   -9.02825
-0.0644667 -0.0165918   0.997775   -1.93199
         0          0          0          1
#
   0.99616  0.0582864  0.0653347    19.5058
-0.0592383   0.998163  0.0127804   -9.02881
-0.0644695 -0.0166009   0.997775     -1.945
         0          0          0          1
#
  0.996159   0.058293  0.0653393    19.5056
-0.0592453   0.998163  0.0127897    -9.0294
-0.0644734 -0.0166108   0.997775   -1.95796
         0          0          0          1
#
